structure(list(country = structure(c(3L, 3L, 3L, 3L, 3L, 3L, 
3L, 3L, 3L, 3L, 3L, 3L, 1L, 1L, 1L, 1L, 1L, 1L, 1L, 1L, 1L, 1L, 
1L, 1L, 4L, 4L, 4L, 4L, 4L, 4L, 4L, 4L, 4L, 4L, 4L, 4L, 2L, 2L, 
2L, 2L, 2L, 2L, 2L, 2L, 2L, 2L, 2L, 2L, 5L, 5L, 5L, 5L, 5L, 5L, 
5L, 5L, 5L, 5L, 5L, 5L), .Label = c("Haiti", "Thailand", "Egypt", 
"Romania", "Venezuela"), class = "factor", scores = structure(c(71.338, 
60.916, 72.476, 70.616, 73.747), .Dim = 5L, .Dimnames = list(
    c("Egypt", "Haiti", "Romania", "Thailand", "Venezuela")))), 
    year = c(1952L, 1957L, 1962L, 1967L, 1972L, 1977L, 1982L, 
    1987L, 1992L, 1997L, 2002L, 2007L, 1952L, 1957L, 1962L, 1967L, 
    1972L, 1977L, 1982L, 1987L, 1992L, 1997L, 2002L, 2007L, 1952L, 
    1957L, 1962L, 1967L, 1972L, 1977L, 1982L, 1987L, 1992L, 1997L, 
    2002L, 2007L, 1952L, 1957L, 1962L, 1967L, 1972L, 1977L, 1982L, 
    1987L, 1992L, 1997L, 2002L, 2007L, 1952L, 1957L, 1962L, 1967L, 
    1972L, 1977L, 1982L, 1987L, 1992L, 1997L, 2002L, 2007L), 
    pop = c(22223309, 25009741, 28173309, 31681188, 34807417, 
    38783863, 45681811, 52799062, 59402198, 66134291, 73312559, 
    80264543, 3201488, 3507701, 3880130, 4318137, 4698301, 4908554, 
    5198399, 5756203, 6326682, 6913545, 7607651, 8502814, 16630000, 
    17829327, 18680721, 19284814, 20662648, 21658597, 22356726, 
    22686371, 22797027, 22562458, 22404337, 22276056, 21289402, 
    25041917, 29263397, 34024249, 39276153, 44148285, 48827160, 
    52910342, 56667095, 60216677, 62806748, 65068149, 5439568, 
    6702668, 8143375, 9709552, 11515649, 13503563, 15620766, 
    17910182, 20265563, 22374398, 24287670, 26084662), continent = structure(c(1L, 
    1L, 1L, 1L, 1L, 1L, 1L, 1L, 1L, 1L, 1L, 1L, 2L, 2L, 2L, 2L, 
    2L, 2L, 2L, 2L, 2L, 2L, 2L, 2L, 4L, 4L, 4L, 4L, 4L, 4L, 4L, 
    4L, 4L, 4L, 4L, 4L, 3L, 3L, 3L, 3L, 3L, 3L, 3L, 3L, 3L, 3L, 
    3L, 3L, 2L, 2L, 2L, 2L, 2L, 2L, 2L, 2L, 2L, 2L, 2L, 2L), .Label = c("Africa", 
    "Americas", "Asia", "Europe"), class = "factor"), lifeExp = c(41.893, 
    44.444, 46.992, 49.293, 51.137, 53.319, 56.006, 59.797, 63.674, 
    67.217, 69.806, 71.338, 37.579, 40.696, 43.59, 46.243, 48.042, 
    49.923, 51.461, 53.636, 55.089, 56.671, 58.137, 60.916, 61.05, 
    64.1, 66.8, 66.8, 69.21, 69.46, 69.66, 69.53, 69.36, 69.72, 
    71.322, 72.476, 50.848, 53.63, 56.061, 58.285, 60.405, 62.494, 
    64.597, 66.084, 67.298, 67.521, 68.564, 70.616, 55.088, 57.907, 
    60.77, 63.479, 65.712, 67.456, 68.557, 70.19, 71.15, 72.146, 
    72.766, 73.747), gdpPercap = c(1418.822445, 1458.915272, 
    1693.335853, 1814.880728, 2024.008147, 2785.493582, 3503.729636, 
    3885.46071, 3794.755195, 4173.181797, 4754.604414, 5581.180998, 
    1840.366939, 1726.887882, 1796.589032, 1452.057666, 1654.456946, 
    1874.298931, 2011.159549, 1823.015995, 1456.309517, 1341.726931, 
    1270.364932, 1201.637154, 3144.613186, 3943.370225, 4734.997586, 
    6470.866545, 8011.414402, 9356.39724, 9605.314053, 9696.273295, 
    6598.409903, 7346.547557, 7885.360081, 10808.47561, 757.7974177, 
    793.5774148, 1002.199172, 1295.46066, 1524.358936, 1961.224635, 
    2393.219781, 2982.653773, 4616.896545, 5852.625497, 5913.187529, 
    7458.396327, 7689.799761, 9802.466526, 8422.974165, 9541.474188, 
    10505.25966, 13143.95095, 11152.41011, 9883.584648, 10733.92631, 
    10165.49518, 8605.047831, 11415.80569)), class = "data.frame", .Names = c("country", 
"year", "pop", "continent", "lifeExp", "gdpPercap"), row.names = c(NA, 
-60L))
